key down ->
  select player in the DOM
  let lookahead=0

  switch statement: if up/right/left/down
        sets look ahead

eval if lookahead is a NoGo
ternary?


if/else:  
if 


add torch=>
  tiles[playerLoc].classlist.toggle torch


walls level1
  0,1,2,3,4,6,7,8,9,10,11,12,13,14,29,44,59,64,89,104,119,134,149,164,179,194,209,211,212,213,214,215,216,217,218,219,
  220,221,222,223,224,15,20,45,60,75,90,105,120,135,150,165,180,195,210,17,19,34,35,36,37,38,39,40,41,42,47,49,62,64,65,66,68,69,70,71,72,73,77,79,92,94,95,96,97,98,99,100,107,109,117,
  122,124,126,128,129,130,131,132,137,139,143,147,152,154,155,156,157,158,162,167,182,183,184,185,186,187,188,189,190,192
        